StartTime: 2020-05-28 14:19:57.790
address	Time(s)	ChipTime	ax(g)	ay(g)	az(g)	wx(deg/s)	wy(deg/s)	wz(deg/s)	AngleX(deg)	AngleY(deg)	AngleZ(deg)	T(°)	hx	hy	hz	D0	D1	D2	D3	Pressure(Pa)	Altitude(m)	Lon(deg)	Lat(deg)	GPSHeight(m)	GPSYaw(deg)	GPSV(km/h)	q0	q1	q2	q3	SV	PDOP	HDOP	VDOP 
	14:19:57.795		0.0271	-0.0012	0.2511	0.0000	0.0000	0.0000	-0.2911	-6.2512	29.0039	34.9300	60	157	-225																			
	14:19:57.797		0.0272	-0.0015	0.2511	0.0000	0.0000	0.0000	-0.2911	-6.2457	28.9819	34.9900	62	156	-222																			
	14:19:57.798		0.0271	-0.0015	0.2511	0.0000	0.0000	0.0000	-0.2911	-6.2402	28.9874	34.9800	62	160	-222																			
	14:19:57.799		0.0270	-0.0015	0.2511	0.0000	0.0000	0.0000	-0.2966	-6.2347	28.9215	34.8900	60	160	-225																			
	14:19:57.799		0.0270	-0.0015	0.2511	0.0000	0.0000	0.0000	-0.2966	-6.2292	28.8336	34.9900	61	159	-221																			
	14:19:57.801		0.0270	-0.0015	0.2511	0.0000	0.0000	0.0000	-0.3021	-6.2238	28.8062	35.0100	60	153	-220																			
	14:19:57.801		0.0271	-0.0013	0.2511	0.0000	0.0000	0.0000	-0.3021	-6.2183	28.7952	34.9600	59	154	-218																			
	14:19:57.802		0.0270	-0.0013	0.2512	0.0000	0.0000	0.0000	-0.3021	-6.2128	28.7292	35.0000	59	159	-220																			
	14:19:57.803		0.0271	-0.0013	0.2512	0.0000	0.0000	0.0000	-0.3021	-6.2073	28.6963	35.0100	62	157	-219																			
	14:19:57.804		0.0276	-0.0013	0.2512	0.0000	0.0000	0.0000	-0.3021	-6.2128	28.7018	34.9300	62	156	-220																			
	14:19:57.804		0.0276	-0.0015	0.2511	0.0000	0.0000	0.0000	-0.3021	-6.2128	28.6963	35.0100	60	158	-221																			
	14:19:57.805		0.0276	-0.0016	0.2511	0.0000	0.0000	0.0000	-0.3076	-6.2183	28.6359	35.0800	60	159	-219																			
	14:19:57.806		0.0271	-0.0015	0.2510	0.0000	0.0000	0.0000	-0.3076	-6.2183	28.6194	34.9700	61	159	-218																			
	14:19:57.809		0.0270	-0.0013	0.2510	0.0000	0.0000	0.0000	-0.3076	-6.2128	28.5315	35.0100	59	160	-214																			
	14:19:57.809		0.0273	-0.0013	0.2511	0.0000	0.0000	0.0000	-0.3076	-6.2128	28.2458	35.0300	43	174	-208																			
	14:19:57.810		0.0275	-0.0015	0.2512	0.0000	0.0000	0.0000	-0.3076	-6.2128	27.8284	35.0200	47	171	-224																			
	14:19:57.811		0.0275	-0.0015	0.2513	0.0000	0.0000	0.0000	-0.3076	-6.2128	27.5812	35.0700	54	169	-226																			
	14:19:57.812		0.0273	-0.0015	0.2513	0.0000	0.0000	0.0000	-0.3131	-6.2128	27.4713	35.0200	57	169	-228																			
	14:19:57.812		0.0271	-0.0015	0.2511	0.0000	0.0000	0.0000	-0.3131	-6.2128	27.3999	35.1000	58	166	-225																			
	14:19:57.813		0.0272	-0.0015	0.2512	0.0000	0.0000	0.0000	-0.3131	-6.2073	27.3615	35.1000	58	160	-220																			
	14:19:57.814		0.0273	-0.0015	0.2512	0.0000	0.0000	0.0000	-0.3131	-6.2073	27.3450	35.0200	58	159	-221																			
	14:19:57.815		0.0275	-0.0016	0.2511	0.0000	0.0000	0.0000	-0.3131	-6.2073	27.3395	35.0700	57	160	-219																			
	14:19:57.816		0.0275	-0.0015	0.2511	0.0000	0.0000	0.0000	-0.3186	-6.2073	27.3175	35.1200	57	159	-220																			
	14:19:57.816		0.0275	-0.0016	0.2512	0.0000	0.0000	0.0000	-0.3186	-6.2128	27.3120	35.1200	58	159	-222																			
	14:19:57.817		0.0275	-0.0016	0.2511	0.0000	0.0000	0.0000	-0.3241	-6.2128	27.3285	35.0800	58	160	-219																			
	14:19:57.818		0.0275	-0.0013	0.2510	0.0000	0.0000	0.0000	-0.3241	-6.2128	27.3010	35.0800	58	165	-220																			
	14:19:57.819		0.0276	-0.0013	0.2510	0.0000	0.0000	0.0000	-0.3186	-6.2183	27.2681	35.0800	58	161	-219																			
	14:19:57.820		0.0273	-0.0015	0.2511	0.0000	0.0000	0.0000	-0.3186	-6.2183	27.2791	35.1100	57	161	-222																			
	14:19:57.821		0.0271	-0.0016	0.2512	0.0000	0.0000	0.0000	-0.3241	-6.2128	27.2571	35.0900	58	163	-223																			
	14:19:57.821		0.0270	-0.0015	0.2512	0.0000	0.0000	0.0000	-0.3241	-6.2073	27.1857	35.1000	59	172	-219																			
	14:19:57.823		0.0270	-0.0015	0.2511	0.0000	0.0000	0.0000	-0.3241	-6.2073	27.0648	35.0600	56	170	-219																			
	14:19:57.823		0.0271	-0.0013	0.2512	0.0000	0.0000	0.0000	-0.3241	-6.2018	26.9879	35.1200	59	163	-218																			
	14:19:57.824		0.0271	-0.0012	0.2512	0.0000	0.0000	0.0000	-0.3241	-6.1963	26.9659	35.1100	58	156	-220																			
	14:19:57.825		0.0178	-0.0034	0.2512	0.1221	0.0000	-2.6855	-0.3296	-6.1469	26.9220	35.1100	56	154	-215																			
	14:19:57.826		0.0046	0.0002	0.2515	0.2441	0.0000	-13.0005	-0.2582	-5.9436	26.0211	35.1000	49	154	-215																			
	14:19:57.827		0.0017	0.0114	0.2512	0.3662	0.0000	-40.8936	0.1648	-5.6470	22.3901	35.1400	11	164	-215																			
	14:19:57.827		0.0503	0.0017	0.2617	-5.6152	-12.0239	-140.2588	1.1041	-5.9216	11.5302	35.1600	-55	178	-196																			
	14:19:57.828		0.0946	-0.0339	0.3013	-41.6870	-49.1943	-156.8604	0.4065	-9.2834	-4.6417	35.1600	-66	214	-152																			
	14:19:57.829		0.1689	-0.1185	0.3804	-134.8267	-51.2085	3.5400	-7.6740	-16.0181	-11.9861	35.2200	-24	251	-62																			
	14:19:57.830		0.1259	-0.1685	0.3815	-202.6367	-25.5737	85.4492	-26.9330	-17.9517	-5.0317	35.1600	-27	220	109																			
	14:19:57.831		0.0212	-0.0122	0.2396	-432.0679	30.9448	37.5366	-57.2937	-13.7769	-0.6262	35.1400	-34	25	245																			
	14:19:57.831		0.0157	0.2740	-0.1201	-512.7563	49.9878	0.9766	-103.6176	-16.4630	-5.8008	35.1400	-29	23	259																			
	14:19:57.832		-0.0731	0.3945	-0.2073	70.4346	36.8652	15.2588	-133.1982	-24.8236	-5.0482	35.1400	-33	220	90																			
	14:19:57.833		-0.1196	0.2078	0.2643	575.3784	41.9312	63.2935	-101.0193	-25.8014	-8.8715	35.1400	-58	190	-139																			
	14:19:57.834		0.0662	-0.0193	0.8070	555.7251	28.3203	2.3804	-29.5532	-19.7260	-12.1069	35.1100	-38	183	-178																			
	14:19:57.834		0.0963	-0.0549	0.7649	109.9243	10.1318	14.0991	7.9651	-16.7542	-11.7773	35.1500	-20	243	-45																			
	14:19:57.835		-0.0366	-0.0244	0.4706	-319.7632	-55.6030	57.5562	-9.2889	-18.8141	-6.8994	35.2300	-7	161	173																			
	14:19:57.836		-0.0447	0.1282	-0.1337	-589.2944	-61.0352	34.8511	-65.2148	-20.0830	4.3506	35.2300	-3	37	255																			
	14:19:57.837		0.0298	0.2490	-0.4160	-406.3110	-7.0190	-15.1367	-117.6251	-25.6366	11.6840	35.1400	-24	130	212																			
	14:19:57.838		-0.0159	0.2877	-0.0365	276.0620	55.3589	6.0425	-122.3053	-33.7445	13.7659	35.1700	-63	227	-15																			
	14:19:57.839		0.0326	0.1436	0.5425	614.8071	24.9634	-30.1514	-65.0500	-36.9141	6.3116	35.2600	-73	186	-152																			
	14:19:57.840		0.2029	-0.0797	0.7935	318.6035	43.0908	-65.1855	-2.5543	-36.6833	-3.8837	35.1700	-62	221	-109																			
	14:19:57.841		0.1080	-0.1306	0.5852	-138.4888	11.1694	23.7427	6.5424	-32.1075	-5.9601	35.1700	-18	198	120																			
	14:19:57.841		-0.0210	0.0604	0.0364	-570.9229	-99.6704	99.2432	-39.0839	-33.5522	3.7463	35.2300	55	92	234																			
	14:19:57.842		-0.0879	0.1060	-0.2733	-440.9790	-131.7139	85.5713	-103.7549	-33.5522	21.8903	35.1700	74	129	214																			
	14:19:57.843		-0.1002	0.0094	-0.1582	165.2222	-55.6030	-44.1284	-130.0946	-27.6416	37.1942	35.2100	-3	242	66																			
	14:19:57.844		0.0874	-0.0326	0.1648	467.8955	-16.6016	-206.6040	-101.6180	-37.5623	45.3735	35.2800	-109	216	-86																			
	14:19:57.844		0.2577	-0.0323	0.3645	458.9233	14.5874	-268.8599	-37.6666	-60.4028	28.1470	35.2100	-124	183	-146																			
	14:19:57.845		0.2258	-0.0001	0.3522	138.4277	36.6211	-83.4961	18.9844	-57.6727	-6.6193	35.2700	-137	167	-161																			
	14:19:57.846		0.1492	0.0031	0.2777	28.7476	-9.4604	15.0757	26.2793	-54.5856	-9.1626	35.2900	-128	162	-171																			
	14:19:57.847		0.0986	0.0087	0.2073	1.7090	3.1128	64.2090	19.4952	-56.1456	-1.7249	35.2900	-90	175	-187																			
	14:19:57.847		0.0875	0.0060	0.2114	2.3804	61.5234	63.6597	8.6902	-52.4872	10.8655	35.2700	-42	168	-207																			
	14:19:57.848		0.0519	-0.0037	0.2594	12.9395	134.8267	57.7393	1.9006	-40.8307	21.0443	35.2500	33	163	-217																			
	14:19:57.849		0.0089	0.0000	0.2727	20.4468	128.4790	76.8433	-0.9283	-25.7465	29.2731	35.2600	63	137	-228																			
	14:19:57.850		-0.0089	0.0214	0.2548	21.6675	13.4888	82.7637	-1.2634	-16.8750	37.6062	35.2100	67	137	-229																			
	14:19:57.851		0.0052	0.0240	0.2484	-1.1597	-28.6255	43.8843	-1.5051	-16.7487	43.2147	35.2600	65	137	-229																			
	14:19:57.852		0.0209	0.0144	0.2495	-16.8457	-19.1040	-8.0566	-2.5653	-18.7811	43.8025	35.3700	62	148	-225																			
	14:19:57.853		0.0198	0.0055	0.2504	-19.3481	-3.7842	-16.0522	-3.4827	-19.2261	41.4294	35.2300	58	153	-223																			
	14:19:57.854		0.0208	-0.0013	0.2516	-17.2729	-2.4414	-11.5967	-4.4769	-18.6877	38.9795	35.2900	50	155	-222																			
