StartTime: 2020-05-28 14:16:00.225
address	Time(s)	ChipTime	ax(g)	ay(g)	az(g)	wx(deg/s)	wy(deg/s)	wz(deg/s)	AngleX(deg)	AngleY(deg)	AngleZ(deg)	T(°)	hx	hy	hz	D0	D1	D2	D3	Pressure(Pa)	Altitude(m)	Lon(deg)	Lat(deg)	GPSHeight(m)	GPSYaw(deg)	GPSV(km/h)	q0	q1	q2	q3	SV	PDOP	HDOP	VDOP 
	14:16:00.229	2019-12-04 23:26:10.760	-0.0035	0.1615	1.1979	-33.2642	0.3052	7.4463	4.8889	2.8455	46.6150	26.9700	288	300	29	1272	1867	4094	0	0	0.00													
	14:16:00.261	2019-12-04 23:26:10.845	-0.0889	0.1420	1.2373	-4.1504	42.1753	25.5737	3.7848	4.0540	47.9388	26.9700	293	296	30	1273	1869	4093	0	0	0.00													
	14:16:00.261	2019-12-04 23:26:10.925	-0.1561	0.0885	1.2440	-55.4199	70.4346	16.4185	1.8567	7.8937	50.2954	26.9300	301	291	52	1273	1869	4094	0	0	0.00													
	14:16:00.262	2019-12-04 23:26:11.005	-0.1782	-0.0895	1.5237	3.2959	-6.9580	13.1226	-2.5983	11.9312	51.8774	26.9400	310	292	73	1280	1870	0	0	0	0.00													
	14:16:00.262	2019-12-04 23:26:11.085	-0.2395	-0.1029	1.4347	67.1387	-17.2729	-3.8452	-0.1648	10.0800	50.5811	26.9700	312	295	68	1280	1871	0	0	0	0.00													
	14:16:00.263	2019-12-04 23:26:11.165	-0.1616	-0.0059	1.1185	71.4111	-39.6118	-14.1602	8.3606	8.6188	50.2789	26.9600	310	284	50	1272	1867	4093	0	0	0.00													
	14:16:00.263	2019-12-04 23:26:11.245	-0.0360	0.2478	1.2008	53.8330	-24.7192	-8.6060	13.9856	6.3995	50.0647	26.9800	304	269	38	1272	1867	4094	0	0	0.00													
	14:16:00.264	2019-12-04 23:26:11.325	-0.0454	0.4414	1.1016	35.4614	-51.0254	-8.9111	19.0063	5.8667	48.7573	26.9600	299	259	29	1272	1867	4094	0	0	0.00													
	14:16:00.264	2019-12-04 23:26:11.405	-0.1287	0.4839	0.6514	-46.0205	338.8062	-56.2744	21.9507	12.7551	49.9054	26.9600	305	253	41	1272	1867	4094	0	0	0.00													
	14:16:00.265	2019-12-04 23:26:11.485	-0.3722	0.4739	1.1030	55.9692	70.4346	32.6538	19.2755	22.7087	54.6954	27.0000	323	259	93	1271	1867	4094	0	0	0.00													
	14:16:00.265	2019-12-04 23:26:11.565	-0.1931	0.4821	1.1882	-9.2773	-1.0376	13.7939	23.6096	20.0775	60.6116	27.0100	322	234	111	1272	1867	4094	0	0	0.00													
	14:16:00.266	2019-12-04 23:26:11.650	-0.5834	0.3348	1.0078	-48.1567	2.8687	-128.5400	21.7584	25.5267	55.0800	26.9900	329	251	126	1273	1869	4093	0	0	0.00													
	14:16:00.266	2019-12-04 23:26:11.730	-0.7234	0.5034	1.0878	38.0249	-56.8848	-36.8042	19.1821	27.3065	50.2240	26.9800	332	277	128	1272	1868	4093	0	0	0.00													
	14:16:00.267	2019-12-04 23:26:11.810	-0.7268	0.4844	1.0951	4.7607	-27.0996	-21.9727	21.2750	25.6641	49.0320	27.0000	332	289	121	1273	1868	4094	0	0	0.00													
	14:16:00.268	2019-12-04 23:26:11.890	-0.2032	0.0531	1.1720	-30.7617	76.9043	95.0317	21.7639	25.7849	54.9536	27.0100	333	276	123	1272	1868	4094	0	0	0.00													
	14:16:00.268	2019-12-04 23:26:11.970	-0.3212	0.1340	1.1459	233.7646	-6.9580	-33.8745	29.9762	26.4990	58.3923	27.0500	329	254	133	1272	1868	4094	0	0	0.00													
	14:16:00.268	2019-12-04 23:26:12.050	-0.7693	0.7854	0.3301	119.6289	59.2651	4.0283	49.0814	30.9210	61.1169	27.0200	330	248	157	1272	1868	4094	0	0	0.00													
	14:16:00.269	2019-12-04 23:26:12.130	-0.3878	0.7891	0.5955	55.6030	-24.8413	-23.0713	55.2063	28.0371	65.0226	27.0200	325	235	176	1271	1867	4094	0	0	0.00													
	14:16:00.269	2019-12-04 23:26:12.210	-0.4382	0.9646	0.4651	23.3154	48.4619	-27.8320	59.3317	28.4875	62.4298	27.0000	326	240	178	1272	1867	4094	0	0	0.00													
	14:16:00.270	2019-12-04 23:26:12.290	-0.7836	0.6428	0.4572	-127.8687	-174.0112	-233.7036	51.5039	34.1565	49.0924	27.0500	332	289	149	1271	1867	4094	0	0	0.00													
	14:16:00.271	2019-12-04 23:26:12.370	-0.4604	0.2488	0.8354	-216.0645	-53.5278	-22.5830	29.0973	35.6067	39.8474	27.0500	330	351	130	1271	1867	4094	0	0	0.00													
	14:16:00.271	2019-12-04 23:26:12.455	-0.7047	0.1056	1.2943	-142.8223	-85.3882	-63.2324	7.7179	31.7395	33.0139	27.0400	320	400	136	1272	1869	4094	0	0	0.00													
	14:16:00.271	2019-12-04 23:26:12.535	-0.3232	-0.1563	1.3485	22.3389	-14.4653	71.4111	1.6095	29.8718	35.7166	27.0500	321	411	146	1272	1868	4094	0	0	0.00													
	14:16:00.272	2019-12-04 23:26:12.615	-0.4690	0.1149	0.9509	201.7822	30.8838	145.9961	13.1946	28.2898	41.2482	27.0200	323	389	132	1272	1868	4094	0	0	0.00													
	14:16:00.273	2019-12-04 23:26:12.695	-0.5536	0.2793	1.1538	122.2534	9.3384	53.0396	25.6696	26.8781	49.2352	27.0500	330	339	120	1272	1868	4094	0	0	0.00													
	14:16:00.273	2019-12-04 23:26:12.775	-0.4004	0.7446	0.5073	177.4292	-43.3350	23.4985	41.9019	25.1147	54.1846	27.0800	333	299	115	1272	1867	4094	0	0	0.00													
	14:16:00.274	2019-12-04 23:26:12.855	-0.5830	0.8895	0.5646	-77.9419	-21.3623	-75.1953	45.7581	25.8014	53.6407	27.0800	333	289	113	1272	1867	4094	0	0	0.00													
	14:16:00.275	2019-12-04 23:26:12.935	-0.4744	0.4463	0.9038	-172.4243	-7.8735	-56.7627	34.2499	28.3942	50.7623	27.0500	332	311	111	1271	1867	4094	0	0	0.00													
	14:16:00.275	2019-12-04 23:26:13.015	-0.6519	0.0361	1.3442	-48.8281	-52.7954	-19.8364	21.1102	27.9602	45.4175	27.0800	327	350	114	1271	1867	4094	0	0	0.00													
	14:16:00.275	2019-12-04 23:26:13.095	-0.4297	0.0818	1.3372	45.1660	14.5874	29.7241	22.2583	25.5542	47.3291	27.0800	330	353	106	1271	1867	4094	0	0	0.00													
	14:16:00.276	2019-12-04 23:26:13.175	-0.4655	0.4633	0.9288	150.6348	58.5327	50.9033	34.4312	25.4608	52.7234	27.0900	331	320	106	1271	1867	4094	0	0	0.00													
	14:16:00.277	2019-12-04 23:26:13.260	-0.5027	0.8556	0.4916	172.7295	-8.8501	-4.2114	50.7733	25.4938	57.3431	27.0900	334	285	116	1273	1869	4094	0	0	0.00													
	14:16:00.277	2019-12-04 23:26:13.340	-0.3905	0.9824	0.0864	-29.1748	-26.9165	-23.0713	57.3212	24.8291	56.2610	27.0700	332	272	111	1272	1868	4094	0	0	0.00													
	14:16:00.278	2019-12-04 23:26:13.420	-0.6737	0.3585	0.8330	-333.8013	-63.5376	-142.8223	38.0731	28.8007	51.0040	27.0800	328	311	101	1272	1868	4093	0	0	0.00													
	14:16:00.279	2019-12-04 23:26:13.500	-0.3625	0.1422	1.1567	-23.8037	-44.4946	11.9019	18.9789	29.2731	46.6864	27.1100	324	365	111	1272	1868	4094	0	0	0.00													
	14:16:00.279	2019-12-04 23:26:13.580	-0.6401	0.1079	1.3293	-3.1738	-24.2920	-11.1084	12.9199	26.2903	42.0941	27.0900	320	389	109	1272	1867	4094	0	0	0.00													
	14:16:00.279	2019-12-04 23:26:13.660	-0.4919	0.2461	1.0630	-24.3530	-1.3428	-25.4517	13.2385	26.2408	42.3193	27.1200	321	397	107	1271	1867	4094	0	0	0.00													
	14:16:00.280	2019-12-04 23:26:13.740	-0.5304	0.2000	1.0245	-37.6587	-7.5684	-47.7295	9.9756	26.5100	38.9795	27.1200	315	408	107	1271	1867	4094	0	0	0.00													
	14:16:00.280	2019-12-04 23:26:13.820	-0.6036	-0.0170	1.0792	-111.7554	21.6064	-15.9912	3.2355	26.7847	35.5518	27.1200	306	432	119	1271	1867	4094	0	0	0.00													
	14:16:00.281	2019-12-04 23:26:13.900	-0.5488	-0.0278	1.2617	-38.2690	-12.2681	21.0571	-2.7026	27.1747	36.9305	27.1200	306	438	141	1278	1869	0	0	0	0.00													
	14:16:00.282	2019-12-04 23:26:13.985	-0.5958	0.0559	1.0636	-20.3247	10.8643	74.5850	-1.2744	27.3450	41.8085	27.1200	311	425	149	1280	1870	0	0	0	0.00													
	14:16:00.282	2019-12-04 23:26:14.065	-0.3875	0.0125	1.0861	-39.3066	-13.4277	111.4502	-0.3735	26.7572	50.4492	27.1200	325	390	152	1279	1870	0	0	0	0.00													
	14:16:00.282	2019-12-04 23:26:14.145	-0.3856	0.0378	1.0767	24.4751	-10.4980	80.6274	1.6644	25.6421	57.0520	27.1400	333	352	151	1271	1868	4094	0	0	0.00													
	14:16:00.283	2019-12-04 23:26:14.225	-0.4421	0.1108	1.0834	19.5923	5.2490	72.9370	5.0592	25.0983	62.1771	27.1500	335	325	147	1272	1867	4094	0	0	0.00													
	14:16:00.284	2019-12-04 23:26:14.305	-0.5553	0.1301	1.1370	8.8501	22.5220	64.4531	7.7948	25.4498	66.8243	27.1600	335	294	143	1272	1867	4093	0	0	0.00													
	14:16:00.284	2019-12-04 23:26:14.385	-0.4670	0.1892	1.0822	33.5693	5.9204	75.1953	11.5521	25.8069	72.4054	27.1500	330	266	146	1271	1867	4094	0	0	0.00													
	14:16:00.285	2019-12-04 23:26:14.465	-0.5724	0.2172	1.1578	-15.4419	50.2319	49.6826	13.6780	27.4329	77.6788	27.1500	323	237	160	1271	1867	4094	0	0	0.00													
	14:16:00.285	2019-12-04 23:26:14.545	-0.3831	0.2964	1.0824	-13.9160	52.4292	33.1421	16.8530	29.9048	84.4629	27.1200	315	208	174	1271	1866	4093	0	0	0.00													
	14:16:00.286	2019-12-04 23:26:14.625	-0.4543	0.2955	1.0400	74.7681	26.0620	-68.6646	19.4623	32.3163	82.1173	27.1700	314	206	189	1271	1867	4094	0	0	0.00													
	14:16:00.286	2019-12-04 23:26:14.705	-0.4637	0.3317	0.8894	147.5830	2.1973	-90.6372	24.8566	34.9695	74.3390	27.1800	320	234	200	1271	1866	4094	0	0	0.00													
	14:16:00.287	2019-12-04 23:26:14.785	-0.4447	0.5126	0.7234	172.6685	-83.8623	-92.3462	33.8708	36.4911	66.5057	27.1800	324	280	201	1271	1867	4094	0	0	0.00													
	14:16:00.287	2019-12-04 23:26:14.870	-0.8203	0.4059	0.6545	88.1958	-45.9595	-134.0942	33.9423	39.0839	48.2245	27.1800	327	346	176	1272	1868	4094	0	0	0.00													
	14:16:00.288	2019-12-04 23:26:14.950	-0.5675	0.3732	0.7838	-0.4272	-23.0103	-86.9141	29.0918	40.2264	40.3912	27.2000	319	391	152	1272	1867	4093	0	0	0.00													
	14:16:00.288	2019-12-04 23:26:15.030	-0.8171	0.2177	0.8961	0.6714	-43.5181	-30.2734	22.1100	38.3203	30.6464	27.2000	303	426	129	1272	1867	4094	0	0	0.00													
	14:16:00.289	2019-12-04 23:26:15.110	-0.6484	0.2604	0.8785	-13.1836	-35.2783	-59.2651	19.2865	38.5291	28.9819	27.1700	294	442	127	1272	1867	4094	0	0	0.00													
	14:16:00.289	2019-12-04 23:26:15.190	-0.6558	0.1370	0.9353	-15.0757	-19.4702	-75.3784	13.4583	37.9852	22.6044	27.1900	284	468	121	1271	1867	4094	0	0	0.00													
	14:16:00.290	2019-12-04 23:26:15.270	-0.6813	0.0740	1.0319	12.8784	-18.7988	-17.6392	9.0747	36.3867	17.5342	27.1800	269	491	112	1271	1866	4093	0	0	0.00													
	14:16:00.291	2019-12-04 23:26:15.350	-0.6893	0.0508	1.0228	-7.0190	-8.8501	-3.1128	8.3716	34.3213	15.6830	27.2300	258	498	105	1271	1866	4094	0	0	0.00													
	14:16:00.291	2019-12-04 23:26:15.430	-0.7594	0.0546	1.0760	20.6909	-46.2036	0.2441	8.5583	32.4646	15.5951	27.2300	258	502	95	1271	1866	4093	0	0	0.00													
	14:16:00.292	2019-12-04 23:26:15.510	-0.5430	0.1671	1.0415	56.0913	-90.2710	28.5034	13.3044	26.8231	18.1604	27.2200	251	490	68	1271	1866	4094	0	0	0.00													
	14:16:00.293	2019-12-04 23:26:15.595	-0.4561	0.2594	1.1387	51.3306	-61.5234	79.8950	18.8525	17.7924	19.9402	27.2500	245	466	23	1272	1867	4094	0	0	0.00													
	14:16:00.293	2019-12-04 23:26:15.675	-0.3143	0.3527	1.0732	-3.6011	57.3730	100.3418	21.9287	20.4016	32.1240	27.2100	270	432	29	1272	1867	4094	0	0	0.00													
	14:16:00.293	2019-12-04 23:26:15.755	-0.4468	0.3453	1.0297	-58.3496	92.8345	116.0278	23.2471	22.5769	42.1381	27.2400	294	399	50	1272	1867	4094	0	0	0.00													
	14:16:00.294	2019-12-04 23:26:15.835	-0.4310	0.3989	1.0898	-23.1323	30.3345	73.2422	23.4943	24.3842	52.6025	27.2100	319	366	86	1272	1867	4094	0	0	0.00													
	14:16:00.295	2019-12-04 23:26:15.915	-0.5388	0.4166	1.0143	-31.5552	45.5322	66.8945	24.5599	24.7302	58.1342	27.2600	327	338	102	1271	1867	4094	0	0	0.00													
	14:16:00.295	2019-12-04 23:26:15.995	-0.4585	0.3793	1.0902	10.3760	29.0527	62.2559	25.4553	24.9884	64.2151	27.3100	330	311	117	1271	1866	4094	0	0	0.00													
	14:16:00.295	2019-12-04 23:26:16.075	-0.4454	0.5374	0.9426	26.2451	-4.2725	-16.7236	28.9435	23.9447	65.1160	27.2700	330	294	123	1271	1866	4094	0	0	0.00													
	14:16:00.296	2019-12-04 23:26:16.155	-0.4694	0.5029	0.9713	19.5313	9.2773	-2.7466	30.4651	24.4995	64.5282	27.2300	330	291	119	1271	1867	4093	0	0	0.00													
	14:16:00.296	2019-12-04 23:26:16.235	-0.5103	0.5262	0.9027	0.7935	4.4556	-19.0430	31.1023	26.1035	63.8855	27.2700	330	294	125	1271	1866	4094	0	0	0.00													
	14:16:00.297	2019-12-04 23:26:16.315	-0.5870	0.4764	0.9445	-8.8501	5.9814	-25.0244	29.8993	27.8778	62.8638	27.2800	331	304	130	1271	1866	4094	0	0	0.00													
	14:16:00.298	2019-12-04 23:26:16.395	-0.5165	0.5063	0.8992	5.6763	0.0000	-17.2119	29.5917	28.8336	62.2321	27.2900	333	312	136	1271	1866	4094	0	0	0.00													
	14:16:00.298	2019-12-04 23:26:16.480	-0.5741	0.4656	0.9254	-10.2539	13.0005	-9.4604	28.6633	29.9652	61.3696	27.2700	333	321	138	1272	1867	4094	0	0	0.00													
	14:16:00.298	2019-12-04 23:26:16.560	-0.5670	0.4860	0.8861	-5.9204	2.5635	-12.8174	27.9492	30.8881	61.2378	27.3000	334	323	140	1271	1868	4094	0	0	0.00													
	14:16:00.299	2019-12-04 23:26:16.640	-0.5426	0.4316	0.9307	-11.3525	4.4556	-18.4937	26.2134	31.6956	60.5072	27.3200	334	331	146	1271	1866	4094	0	0	0.00													
	14:16:00.300	2019-12-04 23:26:16.720	-0.6002	0.4006	0.9401	-19.1040	7.8125	-25.2686	23.6975	32.2174	57.7716	27.3100	332	341	144	1271	1867	4094	0	0	0.00													
	14:16:00.300	2019-12-04 23:26:16.800	-0.4838	0.4882	0.7610	-21.8506	-3.7231	-80.4443	20.8630	33.7061	53.9978	27.3200	330	360	149	1271	1866	4094	0	0	0.00													
	14:16:00.300	2019-12-04 23:26:16.880	-0.6433	0.0677	0.9962	-94.0552	-24.9023	-131.9580	7.6410	34.2993	41.3910	27.3400	316	409	148	1271	1866	4094	0	0	0.00													
	14:16:00.301	2019-12-04 23:26:16.960	-0.6545	-0.2200	1.0983	-144.1650	-29.6631	-141.1743	-7.7728	30.0092	26.9495	27.2700	286	468	156	2906	2362	0	4094	0	0.00													
	14:16:00.301	2019-12-04 23:26:17.040	-0.5333	-0.4528	1.1307	-101.1353	-35.4614	-139.4653	-20.9015	26.1365	17.5726	27.3000	249	516	190	2907	2362	0	4093	0	0.00													
	14:16:00.302	2019-12-04 23:26:17.120	-0.4893	-0.4532	1.0549	17.6392	-12.1460	-42.5415	-26.1914	23.4998	11.6510	27.3400	220	540	213	2906	2362	0	4093	0	0.00													
	14:16:00.303	2019-12-04 23:26:17.200	-0.6058	-0.5089	1.0881	-31.3110	55.1758	4.5166	-28.9764	24.1644	8.1519	27.3700	203	553	224	2906	2362	0	4094	0	0.00													
	14:16:00.303	2019-12-04 23:26:17.285	-0.4625	-0.4161	0.9524	7.5684	16.3574	8.4229	-26.6418	24.5105	9.0417	27.3200	200	557	223	2908	2364	0	4094	0	0.00													
	14:16:00.303	2019-12-04 23:26:17.365	-0.5396	-0.4163	0.9830	11.4746	-10.9253	-4.2725	-26.0486	24.1425	8.7177	27.3400	200	559	220	2907	2363	0	4094	0	0.00													
	14:16:00.304	2019-12-04 23:26:17.445	-0.5613	-0.4159	0.9855	-3.2349	-16.2964	8.4839	-25.1367	22.8955	9.3988	27.3700	199	557	215	2907	2363	0	4094	0	0.00													
	14:16:00.306	2019-12-04 23:26:17.525	-0.4305	-0.4025	1.0150	-0.3052	6.8970	25.3906	-24.9280	24.2578	11.8268	27.3600	204	553	217	2907	2362	0	4094	0	0.00													
	14:16:00.307	2019-12-04 23:26:17.605	-0.6542	-0.4528	1.1383	61.5234	19.5313	80.1392	-23.0109	26.6528	14.1998	27.3500	213	547	213	2907	2361	0	4094	0	0.00													
	14:16:00.307	2019-12-04 23:26:17.685	-0.6273	-0.3137	0.9528	-52.9175	14.6484	23.6816	-19.5886	28.2239	18.3087	27.4000	229	537	208	2907	2362	0	4094	0	0.00													
	14:16:00.308	2019-12-04 23:26:17.765	-0.5033	-0.2550	0.9109	18.3105	-9.2773	34.7900	-17.4463	29.9652	22.2363	27.3900	243	524	209	2907	2362	0	4094	0	0.00													
	14:16:00.308	2019-12-04 23:26:17.845	-0.6262	-0.2795	1.0966	18.7378	1.7700	35.2783	-17.1606	31.2451	24.4940	27.3800	250	513	213	2906	2362	0	4093	0	0.00													
	14:16:00.309	2019-12-04 23:26:17.925	-0.6497	-0.2617	1.0543	11.5356	19.3481	49.9878	-14.5679	31.5472	26.7847	27.4100	257	509	207	2907	2361	0	4094	0	0.00													
	14:16:00.310	2019-12-04 23:26:18.005	-0.7604	-0.2209	1.0657	31.0059	-11.3525	42.4194	-11.4752	31.9757	29.5972	27.4200	267	495	199	2906	2362	0	4094	0	0.00													
	14:16:00.310	2019-12-04 23:26:18.090	-0.6815	-0.1221	1.0919	-1.7090	-28.6865	37.1704	-5.9216	30.4156	35.8044	27.3900	283	476	186	2907	2363	0	4093	0	0.00													
	14:16:00.310	2019-12-04 23:26:18.170	-0.5476	-0.0458	1.0400	-1.3428	10.6201	112.5488	-1.9720	29.3610	43.0115	27.4300	299	447	170	1278	1869	0	0	0	0.00													
	14:16:00.311	2019-12-04 23:26:18.250	-0.5797	0.0265	1.1298	-5.3711	-18.2495	55.8472	1.3403	28.2513	49.9603	27.4000	316	414	165	1271	1866	4094	0	0	0.00													
	14:16:00.312	2019-12-04 23:26:18.330	-0.4965	0.1180	1.0342	-17.3340	-8.2397	32.4097	4.0375	26.7627	54.2175	27.4000	325	388	156	1270	1865	4093	0	0	0.00													
	14:16:00.312	2019-12-04 23:26:18.410	-0.5641	0.1207	1.0859	19.4702	-18.1885	76.1719	4.7516	25.0818	57.2443	27.4200	328	374	148	1270	1865	4094	0	0	0.00													
	14:16:00.312	2019-12-04 23:26:18.490	-0.5203	0.0602	1.1691	35.8276	-52.2461	105.8960	7.0752	22.3956	62.7594	27.4300	331	346	140	1270	1865	4094	0	0	0.00													
	14:16:00.313	2019-12-04 23:26:18.570	-0.2954	0.2949	1.1169	90.3320	-42.0532	64.2700	13.0023	19.2096	70.4004	27.4600	330	300	126	1270	1865	4094	0	0	0.00													
	14:16:00.313	2019-12-04 23:26:18.650	-0.3728	0.4283	1.0605	25.4517	-3.0518	12.2681	18.8470	16.9135	71.9659	27.4600	330	271	117	1270	1865	4093	0	0	0.00													
	14:16:00.314	2019-12-04 23:26:18.730	-0.2633	0.4490	1.0435	52.8564	-11.7188	-18.2495	21.7200	16.4301	71.8890	27.4600	324	258	111	1270	1865	4094	0	0	0.00													
	14:16:00.315	2019-12-04 23:26:18.810	-0.5145	0.3794	1.1320	24.1699	18.3716	-36.7432	23.3185	18.0011	68.4064	27.4900	327	264	111	1270	1865	4094	0	0	0.00													
	14:16:00.315	2019-12-04 23:26:18.895	-0.4059	0.5149	1.0410	14.3433	10.6201	3.2959	26.2738	18.6053	69.5380	27.4600	327	261	113	1271	1867	4094	0	0	0.00													
	14:16:00.315	2019-12-04 23:26:18.975	-0.3508	0.5012	0.9965	-0.6714	8.4229	5.4932	27.6581	18.4460	69.8346	27.4300	325	258	116	1271	1866	4094	0	0	0.00													
	14:16:00.316	2019-12-04 23:26:19.055	-0.4308	0.4758	1.0276	6.7139	0.6714	5.6152	27.5922	18.5504	69.3512	27.4800	324	257	118	1271	1867	4093	0	0	0.00													
	14:16:00.317	2019-12-04 23:26:19.135	-0.3611	0.5234	1.0057	2.8076	-5.6152	-7.2632	27.9767	18.6108	69.9500	27.4800	328	255	118	1271	1865	4094	0	0	0.00													
	14:16:00.319	2019-12-04 23:26:19.215	-0.3433	0.4969	1.0051	-1.8311	3.2959	11.2305	27.9877	18.5284	69.7797	27.4600	327	250	119	1270	1865	4094	0	0	0.00													
	14:16:00.319	2019-12-04 23:26:19.295	-0.4126	0.4845	1.0112	5.8594	0.0000	20.2637	28.0261	18.0890	69.5654	27.5100	328	249	117	1270	1865	4094	0	0	0.00													
	14:16:00.320	2019-12-04 23:26:19.375	-0.3947	0.5009	1.0359	7.6294	-5.4321	2.9297	28.2513	17.7045	70.3674	27.5100	325	244	116	1270	1865	4094	0	0	0.00													
	14:16:00.321	2019-12-04 23:26:19.455	-0.2844	0.5414	0.9979	-3.3569	6.1646	7.9346	28.7622	17.3199	71.0925	27.5000	325	239	116	1270	1865	4094	0	0	0.00													
	14:16:00.321	2019-12-04 23:26:19.535	-0.4075	0.5137	1.0242	-0.1831	-5.3101	-13.7939	28.4821	17.3694	69.7852	27.5000	325	243	116	1270	1865	4094	0	0	0.00													
	14:16:00.322	2019-12-04 23:26:19.615	-0.4316	0.4885	1.0767	-1.1597	-5.7983	-14.8315	27.6636	17.8253	68.5107	27.4900	325	249	115	1270	1865	4094	0	0	0.00													
	14:16:00.322	2019-12-04 23:26:19.700	-0.4232	0.4851	1.0598	-2.4414	2.9297	-4.0894	27.3340	18.1934	67.7417	27.5300	326	247	113	1271	1867	4094	0	0	0.00													
	14:16:00.323	2019-12-04 23:26:19.780	-0.3599	0.5031	1.0220	-2.8076	5.0659	-2.1973	27.3560	18.4021	67.7582	27.5000	326	256	115	1271	1866	4093	0	0	0.00													
	14:16:00.323	2019-12-04 23:26:19.860	-0.4321	0.4659	1.0253	-57.1899	11.9019	-33.3252	26.7957	18.9734	66.8079	27.5100	327	257	118	1271	1866	4094	0	0	0.00													
	14:16:00.324	2019-12-04 23:26:19.940	-0.3584	0.4746	0.9963	-0.8545	-2.9297	0.9155	25.7684	19.3579	66.2531	27.5300	327	262	117	1270	1866	4093	0	0	0.00													
	14:16:00.324	2019-12-04 23:26:20.020	-0.3787	0.4749	1.0114	5.7983	-1.2817	8.2397	25.6146	19.2700	65.9949	27.5700	328	265	117	1270	1865	4094	0	0	0.00													
	14:16:00.325	2019-12-04 23:26:20.100	-0.2811	0.5311	0.8690	-29.6631	14.0991	-17.7002	25.6366	19.5886	66.0223	27.5600	326	263	115	1270	1865	4093	0	0	0.00													
	14:16:00.326	2019-12-04 23:26:20.180	-0.4349	0.3737	0.9644	-88.1958	11.9629	-56.2744	19.3909	22.2803	63.1274	27.5600	332	280	125	1270	1865	4094	0	0	0.00													
	14:16:00.326	2019-12-04 23:26:20.260	-0.4824	0.1683	0.9993	-159.0576	11.2305	-69.6411	8.5364	24.1425	58.2495	27.5500	333	311	134	1270	1865	4094	0	0	0.00													
	14:16:00.326	2019-12-04 23:26:20.340	-0.5420	-0.2207	1.2406	-158.1421	12.1460	-50.1099	-7.9211	25.2960	51.9489	27.5900	330	339	157	2906	2362	0	4094	0	0.00													
	14:16:00.327	2019-12-04 23:26:20.420	-0.6483	-0.3326	1.2301	-11.5356	-22.4609	-13.7329	-16.3861	24.4775	48.4717	27.5900	326	357	174	2906	2362	0	4094	0	0.00													
	14:16:00.328	2019-12-04 23:26:20.505	-0.4841	-0.1531	1.0719	-15.2588	22.7051	56.4575	-15.3094	26.1255	51.1578	27.5900	323	352	181	2908	2363	0	4094	0	0.00													
	14:16:00.328	2019-12-04 23:26:20.585	-0.4160	-0.1281	0.8972	-76.1108	2.1973	22.7051	-14.5239	28.2239	55.1788	27.5700	325	331	193	2907	2363	0	4094	0	0.00													
	14:16:00.329	2019-12-04 23:26:20.665	-0.6527	-0.3086	1.1416	-48.7671	-5.3711	9.2773	-20.3192	29.6082	55.0690	27.6100	327	316	203	2907	2361	0	4094	0	0.00													
	14:16:00.329	2019-12-04 23:26:20.745	-0.5377	-0.2408	1.0182	28.1982	-6.4087	11.5356	-19.3799	29.3665	55.9534	27.6100	322	308	204	2907	2362	0	4094	0	0.00													
	14:16:00.330	2019-12-04 23:26:20.825	-0.5840	-0.2205	1.0933	40.8325	-5.6763	36.5601	-17.1112	30.0037	57.1564	27.6400	323	302	201	2906	2362	0	4094	0	0.00													
	14:16:00.330	2019-12-04 23:26:20.905	-0.6237	-0.1527	1.1372	30.1514	-3.8452	42.5415	-13.1726	29.4928	59.5349	27.5800	325	294	199	2907	2361	0	4094	0	0.00													
	14:16:00.331	2019-12-04 23:26:20.985	-0.5692	-0.1232	1.1449	54.5044	-27.3438	52.7344	-7.4762	26.8616	63.4515	27.6200	329	281	179	2906	2362	0	4094	0	0.00													
	14:16:00.331	2019-12-04 23:26:21.065	-0.4086	-0.0239	1.0332	117.3096	-27.8931	96.6187	-0.3296	24.0051	67.1045	27.6200	333	264	159	1277	1868	0	0	0	0.00													
	14:16:00.332	2019-12-04 23:26:21.145	-0.2548	0.2056	1.1085	67.0166	-15.4419	24.2920	6.7456	21.1377	70.7574	27.6200	324	240	144	1269	1864	4094	0	0	0.00													
	14:16:00.332	2019-12-04 23:26:21.225	-0.4261	0.1881	1.0933	85.6323	-39.7949	-98.4497	10.7501	22.2693	68.9777	27.6100	327	241	141	1269	1865	4094	0	0	0.00													
	14:16:00.333	2019-12-04 23:26:21.310	-0.3717	0.2340	1.2126	29.5410	76.9653	-33.7524	13.1122	24.5270	63.6163	27.6700	331	261	150	1270	1866	4094	0	0	0.00													
	14:16:00.333	2019-12-04 23:26:21.390	-0.7350	0.1392	0.9325	158.3862	-64.5142	-182.8003	15.4523	29.9927	49.7791	27.6300	333	319	162	1270	1865	4094	0	0	0.00													
	14:16:00.334	2019-12-04 23:26:21.470	-0.5133	0.1506	0.9452	55.4199	-32.2876	-234.5581	12.4915	34.5465	35.3540	27.6200	321	385	162	1270	1865	4094	0	0	0.00													
	14:16:00.334	2019-12-04 23:26:21.550	-0.7692	-0.0563	1.0620	23.0713	49.9268	-43.5181	4.1364	35.1123	17.4957	27.6800	287	460	148	1270	1865	4094	0	0	0.00													
	14:16:00.335	2019-12-04 23:26:21.630	-0.6500	-0.0856	0.8739	-4.8218	-26.0620	-160.9497	0.7306	36.9800	10.0250	27.7000	261	502	153	1270	1865	4093	0	0	0.00													
	14:16:00.335	2019-12-04 23:26:21.710	-0.6425	-0.2036	0.9514	-47.8516	30.1514	-57.0068	-8.4650	37.2931	0.4504	27.6800	231	538	163	2906	2361	0	4093	0	0.00													
	14:16:00.336	2019-12-04 23:26:21.790	-0.8413	-0.3446	0.9005	-56.9458	-23.9258	-95.3369	-16.6168	36.5131	-6.4984	27.6400	201	564	185	2906	2361	0	4093	0	0.00													
	14:16:00.336	2019-12-04 23:26:21.870	-0.6381	-0.3370	0.9226	3.6011	-37.4146	38.8184	-20.3522	35.4639	-5.9930	27.6600	189	570	202	2906	2362	0	4094	0	0.00													
	14:16:00.337	2019-12-04 23:26:21.950	-0.7665	-0.4081	1.0931	-27.2827	-37.6587	139.9536	-18.6713	33.5797	2.2028	27.6500	204	559	208	2906	2362	0	4094	0	0.00													
	14:16:00.338	2019-12-04 23:26:22.030	-0.8142	-0.4111	1.1462	2.3804	-20.9351	151.7944	-12.4969	35.1013	16.6608	27.6800	241	524	206	2906	2363	0	4093	0	0.00													
	14:16:00.338	2019-12-04 23:26:22.115	-0.5514	-0.0278	0.9132	9.4604	20.4468	220.3979	3.6310	34.8706	38.9355	27.6800	295	452	188	1270	1866	4094	0	0	0.00													
	14:16:00.338	2019-12-04 23:26:22.195	-0.4214	0.2144	0.8699	-0.3052	-53.5889	145.8740	15.6445	30.8276	56.9037	27.6600	327	370	173	1270	1865	4094	0	0	0.00													
	14:16:00.339	2019-12-04 23:26:22.275	-0.4153	0.3378	1.0236	68.1152	-59.3262	96.0693	20.3687	25.3235	64.9017	27.6900	330	308	157	1270	1864	4094	0	0	0.00													
	14:16:00.339	2019-12-04 23:26:22.355	-0.3866	0.4611	0.9791	19.1040	-15.6860	48.9502	25.0433	19.8578	68.0548	27.6600	332	271	139	1270	1864	4094	0	0	0.00													
	14:16:00.340	2019-12-04 23:26:22.435	-0.2749	0.5083	1.0271	44.2505	5.9204	49.8657	27.4768	17.9022	70.9332	27.7100	330	245	133	1269	1864	4094	0	0	0.00													
	14:16:00.340	2019-12-04 23:26:22.515	-0.3506	0.5614	1.0194	85.9985	-2.6855	-58.3496	31.3000	18.5065	69.8785	27.6800	324	239	132	1269	1864	4094	0	0	0.00													
	14:16:00.341	2019-12-04 23:26:22.595	-0.1149	0.5569	0.6514	49.0112	2.3804	-273.6816	34.6838	24.7083	62.1936	27.7200	331	274	137	1269	1864	4094	0	0	0.00													
	14:16:00.341	2019-12-04 23:26:22.675	-0.7084	0.1359	1.0261	-30.8228	-22.1558	-184.0210	19.0558	31.6901	36.8262	27.7200	316	380	125	1270	1864	4094	0	0	0.00													
	14:16:00.342	2019-12-04 23:26:22.755	-0.5902	-0.0999	0.9467	-87.4023	-55.1758	-197.2046	5.8612	30.4486	19.1162	27.6900	281	466	116	1269	1864	4094	0	0	0.00													
	14:16:00.342	2019-12-04 23:26:22.840	-0.6575	-0.3967	1.2902	-67.9932	17.7002	-126.9531	-11.3159	29.0314	4.4659	27.7600	225	536	144	2908	2364	0	4094	0	0.00													
	14:16:00.343	2019-12-04 23:26:22.920	-0.7740	-0.3027	0.9802	1.7090	-1.9531	-55.5420	-15.3973	27.6306	-3.2520	27.7200	190	573	154	2907	2362	0	4094	0	0.00													
	14:16:00.343	2019-12-04 23:26:23.000	-0.5376	-0.3171	1.0104	-31.0059	3.6621	2.9297	-17.2980	28.6249	-2.5873	27.7300	184	580	167	2907	2363	0	4094	0	0.00													
	14:16:00.344	2019-12-04 23:26:23.080	-0.6602	-0.3081	0.9449	57.8613	-48.7061	99.7925	-14.3097	27.4823	2.1808	27.7100	187	574	165	2907	2362	0	4094	0	0.00													
	14:16:00.344	2019-12-04 23:26:23.160	-0.7589	-0.3997	1.2657	12.5732	-43.6401	192.5659	-8.9978	26.3507	14.8755	27.7200	221	551	154	2907	2362	0	4094	0	0.00													
	14:16:00.345	2019-12-04 23:26:23.240	-0.3457	-0.0844	1.0392	24.9634	38.8794	204.8340	5.2679	27.6416	37.2821	27.7500	281	470	136	1269	1864	4094	0	0	0.00													
	14:16:00.345	2019-12-04 23:26:23.320	-0.2350	0.2491	0.8361	-27.9541	98.3887	281.8604	17.3969	28.8666	61.5784	27.7600	323	372	148	1269	1864	4093	0	0	0.00													
	14:16:00.346	2019-12-04 23:26:23.400	-0.2838	0.4178	1.1394	-19.3481	70.1904	77.0264	18.7756	29.5697	75.3278	27.7200	329	289	170	1269	1864	4094	0	0	0.00													
	14:16:00.346	2019-12-04 23:26:23.480	-0.3536	0.4458	0.8152	15.1978	-28.4424	-191.1011	18.9459	29.6191	68.1757	27.7400	333	286	172	1269	1864	4094	0	0	0.00													
	14:16:00.347	2019-12-04 23:26:23.560	-0.8967	-0.0730	1.1117	-53.1006	-15.2588	-175.5371	4.4714	31.9098	47.2467	27.7600	325	361	170	1269	1863	4093	0	0	0.00													
	14:16:00.347	2019-12-04 23:26:23.645	-0.6473	0.0077	0.9910	-6.8359	-8.6670	-59.8145	-0.7965	32.4261	39.7705	27.7900	314	412	174	1277	1868	0	0	0	0.00													
	14:16:00.348	2019-12-04 23:26:23.725	-0.6819	-0.0504	1.0063	-13.6719	20.0806	11.7798	-3.0542	32.6624	37.6831	27.8000	308	431	182	1277	1868	0	0	0	0.00													
	14:16:00.348	2019-12-04 23:26:23.805	-0.6689	-0.0526	1.0371	-2.3804	8.6670	15.7471	-3.5541	33.7280	38.8751	27.7600	307	428	191	2907	2363	0	4094	0	0.00													
	14:16:00.349	2019-12-04 23:26:23.885	-0.6594	-0.0269	0.9938	0.4272	5.3101	8.5449	-2.8400	34.2773	40.1385	27.7700	308	424	193	1276	1867	0	0	0	0.00													
	14:16:00.349	2019-12-04 23:26:23.965	-0.6504	-0.0177	0.9929	-14.7705	4.3945	-0.1831	-3.0048	34.8871	40.8307	27.7800	312	423	197	1277	1868	0	0	0	0.00													
	14:16:00.350	2019-12-04 23:26:24.045	-0.6697	-0.0310	0.9709	-7.0801	9.7656	11.1084	-3.2959	35.2661	41.1932	27.7900	311	421	201	2906	2361	0	4094	0	0.00													
	14:16:00.350	2019-12-04 23:26:24.125	-0.6923	-0.0598	1.0114	-5.7373	-4.8218	1.8921	-3.8452	35.1782	41.2811	27.8000	312	415	203	2907	2362	0	4093	0	0.00													
	14:16:00.351	2019-12-04 23:26:24.205	-0.6641	-0.0341	0.9769	-0.9766	7.2632	10.3760	-3.4222	35.5518	42.0172	27.8100	314	412	203	2906	2362	0	4094	0	0.00													
	14:16:00.351	2019-12-04 23:26:24.285	-0.6901	-0.0574	1.0060	18.3716	19.1040	32.4707	-2.3950	35.3046	42.8357	27.8100	311	409	199	1276	1867	0	0	0	0.00													
	14:16:00.352	2019-12-04 23:26:24.365	-1.0046	-0.3092	1.2048	37.7808	-54.8096	45.8984	-0.0330	34.6619	44.8627	27.7900	316	402	196	1276	1868	0	0	0	0.00													
	14:16:00.353	2019-12-04 23:26:24.445	-0.6179	0.3425	0.7572	35.4614	13.7329	190.1855	15.1501	33.7939	61.0785	27.8300	327	352	188	1269	1864	4094	0	0	0.00													
	14:16:00.353	2019-12-04 23:26:24.530	-0.3770	0.3845	0.9675	-48.3398	0.4883	101.9287	21.2146	30.7452	76.4429	27.8300	327	276	191	1270	1865	4094	0	0	0.00													
	14:16:00.354	2019-12-04 23:26:24.610	-0.3177	0.4816	1.0273	20.0195	-7.2632	-80.1392	20.8356	29.5587	75.7343	27.8300	325	254	187	1269	1864	4094	0	0	0.00													
	14:16:00.354	2019-12-04 23:26:24.690	-0.6565	0.2614	0.9506	1.3428	-35.5835	-120.4834	17.2046	29.4983	62.9572	27.7900	331	294	174	1269	1865	4094	0	0	0.00													
	14:16:00.355	2019-12-04 23:26:24.770	-0.7585	0.1473	1.0868	-2.8076	-20.9961	-102.2949	11.3818	30.6464	53.2452	27.8500	327	338	167	1269	1864	4094	0	0	0.00													
	14:16:00.355	2019-12-04 23:26:24.850	-0.6890	0.1302	1.0472	-11.6577	-16.6626	-60.8521	9.0637	31.1517	48.4113	27.8400	327	364	164	1269	1864	4094	0	0	0.00													
	14:16:00.356	2019-12-04 23:26:24.930	-0.6257	0.1361	1.0194	0.9766	-19.7754	-39.9170	8.1024	30.9320	45.4724	27.8200	323	386	163	1268	1863	4094	0	0	0.00													
	14:16:00.356	2019-12-04 23:26:25.010	-0.6155	0.0880	1.0641	14.8926	-41.3818	-59.1431	6.9873	29.3060	41.4130	27.8200	322	403	153	1268	1864	4094	0	0	0.00													
	14:16:00.357	2019-12-04 23:26:25.090	-0.5920	0.0562	1.0618	13.7329	-29.4189	-30.2124	7.0917	27.0923	38.1116	27.8500	313	419	136	1269	1863	4094	0	0	0.00													
	14:16:00.357	2019-12-04 23:26:25.170	-0.5597	0.1189	1.1104	43.8843	-53.0396	-10.4370	8.8330	24.6533	37.1558	27.8700	308	423	122	1268	1863	4094	0	0	0.00													
	14:16:00.358	2019-12-04 23:26:25.250	-0.4564	0.1873	1.0754	6.3477	-32.8369	-15.2588	11.7444	21.8243	37.0679	27.8300	307	422	100	1268	1863	4094	0	0	0.00													
	14:16:00.358	2019-12-04 23:26:25.335	-0.3979	0.2192	1.0366	27.5269	-21.5454	-5.6763	13.3759	19.4348	35.9857	27.8700	300	423	84	1270	1865	4094	0	0	0.00													
	14:16:00.359	2019-12-04 23:26:25.415	-0.5017	0.1339	1.1466	-35.8887	37.2314	-7.3853	10.7117	20.9125	34.8651	27.8500	299	428	85	1269	1864	4094	0	0	0.00													
	14:16:00.359	2019-12-04 23:26:25.495	-0.4630	0.1669	1.0300	-29.8462	19.7144	-33.6304	8.0969	23.7469	34.5245	27.9100	299	437	100	1269	1863	4093	0	0	0.00													
	14:16:00.360	2019-12-04 23:26:25.575	-0.4913	0.0514	1.1301	-0.9766	21.0571	27.8931	5.1361	25.5377	34.5410	27.8800	300	444	115	1268	1863	4094	0	0	0.00													
	14:16:00.360	2019-12-04 23:26:25.655	-0.6539	0.0106	1.1628	-22.8271	13.0615	5.8594	3.5376	26.5759	34.4312	27.8500	299	445	126	1269	1863	4094	0	0	0.00													
	14:16:00.361	2019-12-04 23:26:25.735	-0.6798	0.0011	1.0814	-34.6680	63.5986	44.7388	4.0320	29.0479	37.7216	27.9300	302	437	138	1269	1863	4094	0	0	0.00													
	14:16:00.362	2019-12-04 23:26:25.815	-0.6166	0.1127	1.0159	1.9531	44.4336	72.6318	7.6904	33.1732	46.3129	27.8700	316	409	161	1268	1863	4094	0	0	0.00													
	14:16:00.362	2019-12-04 23:26:25.895	-0.6516	0.1689	0.9849	2.6245	45.1660	94.7266	11.9312	35.0299	53.9648	27.9100	326	376	176	1268	1863	4093	0	0	0.00													
	14:16:00.363	2019-12-04 23:26:25.975	-0.6593	0.2714	0.9940	19.3481	-10.6812	60.4248	15.9851	34.2828	59.9854	27.9300	330	350	182	1268	1863	4093	0	0	0.00													
	14:16:00.363	2019-12-04 23:26:26.055	-0.5520	0.3900	0.9125	-20.8130	4.8218	-5.4321	18.5229	33.5522	63.3087	27.8700	330	327	184	1268	1863	4094	0	0	0.00													
	14:16:00.364	2019-12-04 23:26:26.135	-0.5968	0.2968	0.9618	4.4556	-13.6719	-26.0620	17.3804	33.3325	61.5344	27.8800	334	323	182	1268	1863	4094	0	0	0.00													
	14:16:00.364	2019-12-04 23:26:26.220	-0.6968	0.2327	0.9836	-2.0142	-17.9443	-27.4048	15.4797	32.8436	57.8101	27.9100	330	338	180	1269	1863	4094	0	0	0.00													
	14:16:00.365	2019-12-04 23:26:26.300	-0.6200	0.2505	0.9824	7.9346	0.4883	-3.6011	14.8755	32.7557	56.8982	27.9400	329	344	176	1269	1864	4094	0	0	0.00													
	14:16:00.365	2019-12-04 23:26:26.380	-0.6005	0.2559	0.9733	-2.1362	1.5259	4.0894	14.7766	32.5964	56.6345	27.9400	329	343	171	1269	1863	4094	0	0	0.00													
	14:16:00.366	2019-12-04 23:26:26.460	-0.6227	0.2482	0.9767	1.9531	-1.4648	-2.1362	14.5569	32.3877	56.0687	27.9500	334	344	171	1269	1863	4094	0	0	0.00													
	14:16:00.366	2019-12-04 23:26:26.540	-0.5876	0.2561	0.9703	-0.8545	-2.4414	-5.3711	14.3591	32.1899	55.6677	27.9400	332	346	168	1269	1863	4094	0	0	0.00													
	14:16:00.367	2019-12-04 23:26:26.620	-0.6274	0.2257	0.9885	0.3662	0.0000	1.7700	13.7878	32.0636	54.9097	27.9400	330	350	168	1269	1863	4094	0	0	0.00													
	14:16:00.368	2019-12-04 23:26:26.700	-0.6583	0.2223	1.0106	-5.3101	-7.7515	-14.7705	13.1012	31.8878	54.0747	27.9100	330	354	167	1268	1863	4094	0	0	0.00													
	14:16:00.368	2019-12-04 23:26:26.780	-0.6383	0.2123	1.0110	-1.0986	-2.0142	-2.1362	12.9034	31.8878	53.9813	27.9500	331	355	170	1269	1863	4093	0	0	0.00													
	14:16:00.369	2019-12-04 23:26:26.860	-0.6343	0.2194	1.0073	-1.8311	-2.5635	-0.7324	12.9089	31.7780	54.0582	27.9600	330	354	165	1268	1863	4094	0	0	0.00													
	14:16:00.369	2019-12-04 23:26:26.940	-0.6289	0.2131	1.0215	-5.3101	-7.1411	-10.5591	12.4805	31.4978	53.6682	27.9400	328	354	168	1268	1863	4094	0	0	0.00													
	14:16:00.370	2019-12-04 23:26:27.025	-0.6166	0.2328	0.9985	2.1362	-11.7798	-1.7090	12.9474	30.9320	53.6133	27.9200	330	357	167	1270	1864	4094	0	0	0.00													
	14:16:00.370	2019-12-04 23:26:27.105	-0.5698	0.2310	1.0078	16.3574	-11.7188	24.1089	13.5242	29.7949	53.7341	27.9400	332	355	163	1269	1864	4094	0	0	0.00													
	14:16:00.371	2019-12-04 23:26:27.185	-0.5509	0.2562	1.0474	31.0669	-51.5747	6.3477	14.9304	26.8286	53.6023	27.9100	331	350	150	1268	1863	4094	0	0	0.00													
	14:16:00.371	2019-12-04 23:26:27.265	-0.4583	0.3275	1.0447	26.1841	-32.3486	25.5127	17.1387	23.0493	53.4650	27.9400	328	348	129	1268	1863	4094	0	0	0.00													
	14:16:00.372	2019-12-04 23:26:27.345	-0.4941	0.2943	1.1010	12.3291	-18.9819	0.4272	18.0121	20.5884	52.7893	27.9900	326	343	115	1268	1863	4094	0	0	0.00													
	14:16:00.372	2019-12-04 23:26:27.425	-0.4194	0.3489	1.0739	1.8311	-4.1504	11.9629	18.6603	19.9402	53.5364	28.0100	326	337	106	1268	1863	4094	0	0	0.00													
	14:16:00.373	2019-12-04 23:26:27.505	-0.4469	0.3196	1.1023	-2.9907	-1.0986	1.7090	18.3582	20.0610	53.6407	27.9800	326	334	106	1268	1862	4094	0	0	0.00													
	14:16:00.373	2019-12-04 23:26:27.585	-0.4867	0.3236	1.1105	8.4229	0.4883	-5.1270	18.2867	20.6598	53.3826	27.9800	330	338	105	1268	1862	4094	0	0	0.00													
	14:16:00.374	2019-12-04 23:26:27.665	-0.4430	0.3531	1.0886	19.8364	-1.4648	-1.8311	19.8083	20.3412	53.2452	28.0000	325	337	105	1268	1862	4094	0	0	0.00													
	14:16:00.374	2019-12-04 23:26:27.745	-0.4281	0.3705	1.0627	41.3208	4.0894	9.3994	22.2473	21.2640	54.5471	28.0400	325	330	108	1267	1862	4093	0	0	0.00													
	14:16:00.374	2019-12-04 23:26:27.830	-0.4568	0.3768	1.0397	2.5024	-7.3242	-2.0752	22.6978	20.4236	52.7673	28.0100	327	335	104	1268	1863	4094	0	0	0.00													
	14:16:00.375	2019-12-04 23:26:27.910	-0.4240	0.4033	1.0408	-17.3340	4.0894	14.0991	22.6208	19.9017	53.4814	27.9900	326	331	98	1268	1863	4094	0	0	0.00													
	14:16:00.376	2019-12-04 23:26:27.990	-0.4139	0.4005	1.0369	-0.5493	-0.0610	10.4370	22.2089	19.5776	53.9099	27.9800	326	329	98	1268	1863	4094	0	0	0.00													
	14:16:00.376	2019-12-04 23:26:28.070	-0.5016	0.3452	1.1357	-32.1045	9.5825	-15.3198	20.8630	20.2698	54.3329	28.0000	325	326	100	1268	1863	4094	0	0	0.00													
	14:16:00.376	2019-12-04 23:26:28.150	-0.4266	0.3910	1.0013	-14.2212	23.0713	-5.4321	20.5225	20.8740	54.7559	27.9700	325	329	105	1268	1863	4094	0	0	0.00													
	14:16:00.377	2019-12-04 23:26:28.230	-0.5291	0.3003	1.1370	-13.5498	10.9863	-1.7700	18.4131	22.2693	54.3658	27.9900	327	333	110	1268	1862	4094	0	0	0.00													
	14:16:00.378	2019-12-04 23:26:28.310	-0.4071	0.3640	1.0394	-14.2212	-0.9766	2.3193	18.2098	23.0823	55.1953	28.0200	327	333	116	1268	1862	4094	0	0	0.00													
	14:16:00.378	2019-12-04 23:26:28.390	-0.5155	0.3046	1.0726	-1.2207	-17.9443	-4.6387	17.1826	23.1592	54.2450	28.0300	329	335	118	1268	1863	4094	0	0	0.00													
	14:16:00.379	2019-12-04 23:26:28.470	-0.4872	0.3104	1.0818	-2.1362	1.2207	-2.2583	16.7761	23.2251	54.4592	28.0300	331	337	120	1268	1862	4094	0	0	0.00													
	14:16:00.379	2019-12-04 23:26:28.550	-0.4570	0.3141	1.0663	-5.9204	6.9580	1.7700	16.6168	23.2306	54.2999	28.0200	329	338	120	1267	1862	4094	0	0	0.00													
	14:16:00.379	2019-12-04 23:26:28.635	-0.4784	0.3033	1.0607	4.0894	2.9297	5.7983	16.4905	23.4119	54.2285	28.0400	330	336	122	1269	1863	4094	0	0	0.00													
	14:16:00.380	2019-12-04 23:26:28.715	-0.4955	0.3040	1.0706	0.4272	-1.7700	-2.0142	16.5454	23.4943	54.2725	28.0400	330	337	123	1268	1863	4094	0	0	0.00													
	14:16:00.381	2019-12-04 23:26:28.795	-0.4868	0.3030	1.0721	4.6387	1.5259	2.5024	16.5125	23.4393	54.0802	28.0500	330	336	121	1268	1863	4094	0	0	0.00													
	14:16:00.381	2019-12-04 23:26:28.875	-0.4960	0.3065	1.0688				16.6992	23.4503	54.0857	28.0200	326	336	124	1268	1862	4094	0	0	0.00													
	14:16:00.381	2019-12-04 23:26:28.955	-0.4904	0.3080	1.0759	2.1362	-1.5259	-1.4038	16.7377	23.4998	54.1571	28.0600	329	336	124	1268	1862	4094	0	0	0.00													
	14:16:00.382	2019-12-04 23:26:29.050	-0.4880	0.3120	1.0652				16.6168	23.5162	53.8220	28.0500	327	338	122	1267	1862	4094	0	0	0.00													
	14:16:00.382	2019-12-04 23:26:29.130	-0.4757	0.3032	1.0674	3.6011	3.7231	4.5166	16.4960	23.5712	53.6517	28.0300	330	339	122	1267	1861	4094	0	0	0.00													
	14:16:00.383	2019-12-04 23:26:29.220	-0.5052	0.2932	1.0787	-2.2583	0.3052	-2.2583	16.2598	23.6261	53.2288	28.0500	326	342	120	1269	1863	4094	0	0	0.00													
	14:16:00.383	2019-12-04 23:26:29.305	-0.4894	0.3080	1.0681	1.0376	-0.7324	-3.1128	16.2982	23.6700	53.1793	28.0600	328	341	119	1269	1864	4094	0	0	0.00													
	14:16:00.384	2019-12-04 23:26:29.395	-0.4866	0.3107	1.0673	1.4648	-2.1362	-2.0142	16.3092	23.6865	53.0695	28.0500				1267	1862	4094	0	0	0.00													
	14:16:00.385	2019-12-04 23:26:29.475	-0.4796	0.3080	1.0675	-2.5635	-0.9766	-2.2583	16.3477	23.6810	53.0914	28.0800	328	343	122	1267	1862	4094	0	0	0.00													
	14:16:00.385	2019-12-04 23:26:29.560	-0.4730	0.3114	1.0659	-2.8687	0.0610	-3.8452	16.2653	23.7140	53.0695	28.0500	328	338	121	1268	1863	4094	0	0	0.00													
	14:16:00.386	2019-12-04 23:26:29.650	-0.4718	0.3037	1.0580	-1.7700	2.0142	1.9531	16.2433	23.7250	53.0090	28.0700	327	337	123	1268	1862	4093	0	0	0.00													
	14:16:00.386	2019-12-04 23:26:29.730	-0.4756	0.3110	1.0608	1.5869	0.0000	-0.3052	16.2653	23.7360	52.9486	28.0700	327	339	122	1268	1862	4094	0	0	0.00													
	14:16:00.386	2019-12-04 23:26:29.825	-0.4935	0.3022	1.0735				16.2268	23.7524	52.8333	28.0600	326	341	120	1269	1863	4094	0	0	0.00													
	14:16:00.387	2019-12-04 23:26:29.905	-0.4882	0.3010	1.0696	-0.5493	-0.5493	-1.3428	16.1829	23.7689	52.7838	28.0900	328	343	119	1269	1863	4094	0	0	0.00													
	14:16:00.388	2019-12-04 23:26:29.995	-0.4825	0.3043	1.0630	-0.2441	-0.4272	-1.6479	16.1884	23.7579	52.6904	28.0900				1267	1861	4094	0	0	0.00													
	14:16:00.388	2019-12-04 23:26:30.080	-0.4998	0.2952	1.0751	-0.6104	1.2817	-0.9155	16.1719	23.7964	52.6849	28.0900	326	344	121	1267	1862	4094	0	0	0.00													
	14:16:00.388	2019-12-04 23:26:30.160	-0.4915	0.3019	1.0692	-1.8921	-1.6479	-3.6621	16.1884	23.7854	52.6245	28.1000	328	343	120					0	0.00													
	14:16:00.389		-0.4835	0.3030	1.0679	-0.6104	-1.2207	-1.2817	16.1664	23.8129	52.6465	28.1100	327	341	117	1268	1863	4094	0	0	0.00													
	14:16:00.389	2019-12-04 23:26:30.345	-0.4956	0.3022	1.0702	1.5869	-0.2441	0.2441	16.1774	23.8293	52.6355	28.1300	328	343	121	1268	1862	4094	0	0	0.00													
	14:16:00.390	2019-12-04 23:26:30.435				-0.3052	0.7935	-0.4272	16.1499	23.8513	52.6520		331	344	121	1268	1862	4094	0	0	0.00													
	14:16:00.390	2019-12-04 23:26:30.530	-0.4847	0.3038	1.0656				16.2103	23.8293	52.6740	28.1300	328	343	123	1269	1863	4093	0	0	0.00													
	14:16:00.391	2019-12-04 23:26:30.620	-0.4844	0.3059	1.0677	-0.7324	-1.0986	-2.5024	16.1829	23.8074	52.6520	28.1300	329	343	122	1267	1861	4094	0	0	0.00													
	14:16:00.391	2019-12-04 23:26:30.715	-0.4883	0.2990	1.0786	0.6104	1.0376	2.0142	16.1554	23.8458	52.6685	28.1300	330	340	121	1268	1861	4094	0	0	0.00													
	14:16:00.392	2019-12-04 23:26:30.795	-0.5018	0.2985	1.0769	-3.2349	0.4883	-0.3052	16.1499	23.8403	52.6410	28.1300	331	343	120	1268	1863	4093	0	0	0.00													
	14:16:00.392	2019-12-04 23:26:30.875	-0.4944	0.3014	1.0697	-0.6714	-1.8311	-3.4790	16.1829	23.8019	52.6135	28.0800	332	343	120	1268	1862	4094	0	0	0.00													
	14:16:00.393	2019-12-04 23:26:30.955	-0.4839	0.3046	1.0693	-1.5869	-0.6714	-3.0518	16.1664	23.8129	52.6355	28.1300	335	344	119	1269	1863	4093	0	0	0.00													
	14:16:00.393	2019-12-04 23:26:31.035	-0.4838	0.3000	1.0704	0.7324	0.0000	0.3662	16.1554	23.8019	52.5861	28.1700	326	344	119	1268	1863	4094	0	0	0.00													
	14:16:00.394	2019-12-04 23:26:31.115	-0.4872	0.3032	1.0686	1.0986	1.1597	2.6855	16.1993	23.8129	52.6300	28.1400	324	342	123	1268	1863	4094	0	0	0.00													
	14:16:00.394	2019-12-04 23:26:31.195	-0.5098	0.2894	1.0883	0.9155	-0.4883	-0.1831	16.0400	23.7909	52.4377	28.1900	327	343	119	1268	1863	4094	0	0	0.00													
	14:16:00.395	2019-12-04 23:26:31.275	-0.5000	0.3022	1.0739	-1.3428	-0.6714	-2.0752	16.1060	23.7854	52.4707	28.1100	327	344	125	1268	1863	4094	0	0	0.00													
	14:16:00.395	2019-12-04 23:26:31.355	-0.4908	0.2961	1.0758	1.1597	-1.9531	-1.1597	16.0895	23.7799	52.4872	28.1500	329	344	118	1268	1863	4094	0	0	0.00													
	14:16:00.396	2019-12-04 23:26:31.435	-0.5111	0.2920	1.0917	-2.3193	-1.7700	-2.5635	15.9906	23.7689	52.3499	28.1400	330	343	118	1268	1863	4094	0	0	0.00													
	14:16:00.396	2019-12-04 23:26:31.520	-0.4910	0.3025	1.0682	-1.8311	-0.0610	-2.9297	16.0620	23.7964	52.3993	28.1500	329	343	120	1268	1863	4094	0	0	0.00													
	14:16:00.397	2019-12-04 23:26:31.600	-0.4930	0.2994	1.0798	1.7090	0.4272	0.5493	15.9796	23.7909	52.3114	28.1700	327	346	118	1268	1862	4094	0	0	0.00													
	14:16:00.397	2019-12-04 23:26:31.680	-0.4797	0.2977	1.0701	-0.0610	1.6479	1.7090	16.0291	23.8074	52.3444	28.1400	328	345	119	1268	1862	4094	0	0	0.00													
	14:16:00.398	2019-12-04 23:26:31.760	-0.4823	0.2992	1.0647	0.9766	0.2441	0.3662	16.0126	23.7524	52.1960	28.1700	327	347	120	1268	1862	4094	0	0	0.00													
	14:16:00.398	2019-12-04 23:26:31.840	-0.4800	0.3030	1.0695	1.2817	-0.4272	0.6714	15.9741	23.7524	52.1796	28.1600	327	345	118	1268	1862	4094	0	0	0.00													
	14:16:00.398	2019-12-04 23:26:31.920	-0.4863	0.2979	1.0770	0.0000	0.0000	-0.0610	15.9412	23.6920	52.1136	28.1700	327	346	120	1268	1862	4094	0	0	0.00													
	14:16:00.400	2019-12-04 23:26:32.000	-0.4994	0.2894	1.0841	0.7935	-0.4883	0.1831	15.8258	23.6261	51.9159	28.1500	329	346	118	1268	1862	4094	0	0	0.00													
	14:16:00.400	2019-12-04 23:26:32.080	-0.4832	0.2986	1.0785	-3.4180	-1.3428	-5.4932	15.7159	23.5986	51.8170	28.2200	329	346	117	1268	1863	4094	0	0	0.00													
	14:16:00.400	2019-12-04 23:26:32.160	-0.4658	0.2953	1.0704	-4.1504	-9.4604	-15.2588	15.2435	23.3020	50.9161	28.2000	328	349	115	1269	1863	4094	0	0	0.00													
	14:16:00.401	2019-12-04 23:26:32.240	-0.5050	0.2632	1.1071	-4.2114	-1.3428	-6.6528	14.3317	23.1042	49.6747	28.2300	328	353	114	1268	1862	4094	0	0	0.00													
	14:16:00.402	2019-12-04 23:26:32.325	-0.4608	0.2722	1.0735	-5.3101	-0.9155	-8.3008	13.7384	23.2086	49.1364	28.1900	325	358	116	1267	1862	4094	0	0	0.00													
	14:16:00.402	2019-12-04 23:26:32.405	-0.5316	0.2289	1.1046	-27.3438	8.3618	-24.2310	12.0520	23.8074	47.7795	28.2400	324	363	115	1267	1862	4094	0	0	0.00													
	14:16:00.403	2019-12-04 23:26:32.485	-0.5040	0.1927	1.0909	-8.0566	-6.1035	-16.4185	10.2832	24.0985	46.2305	28.1900	322	372	118	1268	1862	4094	0	0	0.00													
	14:16:00.403	2019-12-04 23:26:32.565	-0.5137	0.1847	1.1210	-0.1831	5.4932	1.7090	9.6460	24.4171	46.0107	28.2100	319	375	119	1268	1862	4094	0	0	0.00													
	14:16:00.403	2019-12-04 23:26:32.645	-0.4774	0.2289	1.0646	1.6479	4.2725	6.8359	10.7501	24.6753	47.1368	28.2100	323	374	124	1268	1863	4094	0	0	0.00													
	14:16:00.404	2019-12-04 23:26:32.725	-0.4679	0.2314	1.0640	-0.7935	-2.4414	-4.1504	11.0083	24.6973	47.3895	28.2300	324	370	121	1268	1862	4093	0	0	0.00													
	14:16:00.405	2019-12-04 23:26:32.805	-0.4922	0.2130	1.0874	3.0518	3.7842	6.8970	10.9973	24.7522	47.4280	28.2400	326	371	123	1268	1862	4093	0	0	0.00													
	14:16:00.405	2019-12-04 23:26:32.885	-0.4937	0.2344	1.0721	4.8218	2.4414	6.4697	11.6949	24.8126	48.0267	28.2300	325	371	120	1268	1863	4094	0	0	0.00													
	14:16:00.406	2019-12-04 23:26:32.965	-0.5315	0.2217	1.1031	2.4414	2.1973	6.8359	12.1069	24.8456	48.5156	28.2300	328	365	125	1268	1862	4094	0	0	0.00													
	14:16:00.406	2019-12-04 23:26:33.045	-0.5039	0.2411	1.0798	4.6387	2.6855	10.0708	12.9199	24.8456	49.4110	28.2300	326	361	127	1268	1862	4094	0	0	0.00													
	14:16:00.407	2019-12-04 23:26:33.130	-0.5033	0.2688	1.0691	3.6011	1.6479	11.5356	13.9417	24.8785	50.6580	28.2300	325	356	123	1268	1862	4094	0	0	0.00													
	14:16:00.407	2019-12-04 23:26:33.210	-0.4742	0.2968	1.0494	0.4883	9.6436	20.2026	15.0128	25.2081	52.5421	28.2400	328	352	127	1267	1862	4094	0	0	0.00													
	14:16:00.408	2019-12-04 23:26:33.290	-0.5439	0.3115	1.0601	7.5073	-19.8364	17.7612	15.5621	25.6531	54.0198	28.2400	332	339	131	1268	1862	4093	0	0	0.00													
	14:16:00.408	2019-12-04 23:26:33.370	-0.5408	0.2883	1.0726	6.0425	-3.9063	-4.3945	15.9521	25.3015	54.6185	28.2300	330	333	130	1268	1862	4094	0	0	0.00													
	14:16:00.408	2019-12-04 23:26:33.450	-0.4393	0.3311	1.0409	-5.1880	8.8501	0.5493	16.4410	24.9500	55.0305	28.2600	333	331	129	1268	1862	4094	0	0	0.00													
	14:16:00.409	2019-12-04 23:26:33.530	-0.5150	0.2874	1.0565	-1.2817	-3.5400	-0.6714	16.1115	24.8785	54.3768	28.2700	331	333	129	1268	1862	4094	0	0	0.00													
	14:16:00.410	2019-12-04 23:26:33.610	-0.4720	0.3092	1.0425	3.1128	2.7466	3.6621	16.2488	24.7577	54.6075	28.2600	331	332	124	1267	1862	4094	0	0	0.00													
	14:16:00.410	2019-12-04 23:26:33.690	-0.4905	0.3043	1.0660	2.0142	-0.1831	-0.9766	16.2433	24.7577	54.5581	28.2700	332	332	127	1268	1863	4094	0	0	0.00													
	14:16:00.410	2019-12-04 23:26:33.770	-0.5084	0.2941	1.0703	-3.0518	-1.4038	-1.3428	16.0840	24.7137	54.2340	28.2700	330	332	127	1268	1861	4094	0	0	0.00													
	14:16:00.439	2019-12-04 23:26:33.850	-0.4991	0.3091	1.0568	0.2441	-2.9907	-5.0659	16.1554	24.6973	54.1626	28.2800	329	333	125	1268	1862	4094	0	0	0.00													
	14:16:00.439	2019-12-04 23:26:33.935	-0.4882	0.3052	1.0581	-0.3662	-1.8311	-3.6621	16.1719	24.6863	54.1626	28.2900	329	331	123	1267	1861	4094	0	0	0.00													
	14:16:00.440	2019-12-04 23:26:34.015	-0.4807	0.3077	1.0602	-0.9766	0.1221	-0.8545	16.1389	24.6808	54.1077	28.2100	330	333	123	1267	1861	4094	0	0	0.00													
	14:16:00.441	2019-12-04 23:26:34.095	-0.5013	0.2972	1.0630	0.6714	0.6104	1.4038	16.0675	24.5709	53.8220	28.3200	330	332	125	1268	1862	4094	0	0	0.00													
	14:16:00.441	2019-12-04 23:26:34.175	-0.5044	0.2930	1.0680	3.1128	0.4272	2.4414	16.0016	24.5215	53.6902	28.3200	331	335	121	1268	1862	4093	0	0	0.00													
	14:16:00.441	2019-12-04 23:26:34.255	-0.5040	0.2974	1.0737	0.7324	-2.6855	-3.6621	16.0345	24.5215	53.7122	28.3200	329	334	125	1268	1862	4094	0	0	0.00													
	14:16:00.442	2019-12-04 23:26:34.335	-0.4960	0.2898	1.0690	0.0610	1.2817	0.9766	15.9631	24.4775	53.5034	28.2900	329	337	124	1268	1862	4094	0	0	0.00													
	14:16:00.442	2019-12-04 23:26:34.415	-0.5038	0.2952	1.0686	1.2207	-1.8311	-0.6714	15.9631	24.4501	53.4375	28.2800	331	334	124	1268	1862	4094	0	0	0.00													
	14:16:00.443	2019-12-04 23:26:34.495	-0.4937	0.2950	1.0653	-1.4648	-1.7700	-2.6855	15.9741	24.4171	53.4485	28.3200	331	335	125	1268	1862	4094	0	0	0.00													
	14:16:00.443	2019-12-04 23:26:34.575	-0.4673	0.3146	1.0476	2.5635	-2.4414	-3.0518	15.9851	24.4116	53.4924	28.2900	327	336	124	1268	1862	4093	0	0	0.00													
	14:16:00.444	2019-12-04 23:26:34.655	-0.4824	0.2979	1.0715	-1.2817	-0.7935	0.4272	15.7544	24.2578	53.0914	28.3100	329	337	121	1268	1862	4094	0	0	0.00													
	14:16:00.444	2019-12-04 23:26:34.740	-0.5160	0.2881	1.0750	-4.1504	-1.0376	-2.9907	15.5951	24.0216	52.7069	28.3500	331	337	122	1267	1861	4094	0	0	0.00													
	14:16:00.445	2019-12-04 23:26:34.820	-0.5038	0.2935	1.0851	-1.1597	-1.2207	1.5259	15.4907	24.1479	53.0310	28.3200	330	337	121	1267	1861	4094	0	0	0.00													
	14:16:00.446	2019-12-04 23:26:34.900	-0.4968	0.2805	1.0830	-3.4180	0.7324	3.7231	15.6390	24.0656	53.3386	28.3300	327	339	120	1268	1861	4094	0	0	0.00													
	14:16:00.446	2019-12-04 23:26:34.980	-0.4885	0.3113	1.0580	-3.4790	3.2349	-1.4648	15.8972	24.1589	53.7891	28.3500	330	333	124	1268	1861	4094	0	0	0.00													
	14:16:00.446	2019-12-04 23:26:35.060	-0.4978	0.2773	1.0853	2.5024	3.5400	1.4038	15.6171	24.4556	53.7946	28.3400	330	335	123	1268	1861	4094	0	0	0.00													
	14:16:00.447	2019-12-04 23:26:35.140	-0.5060	0.2975	1.0663	1.4648	-0.7324	-1.7090	15.7379	24.4226	53.5638	28.3300	329	335	125	1268	1861	4093	0	0	0.00													
	14:16:00.448	2019-12-04 23:26:35.220	-0.5005	0.2982	1.0769	1.9531	-2.5635	-3.7231	15.7324	24.4611	53.5474	28.3500	331	332	124	1268	1862	4094	0	0	0.00													
	14:16:00.448	2019-12-04 23:26:35.300	-0.4866	0.2963	1.0737	-2.7466	1.7700	-0.6104	15.7819	24.4116	53.4760	28.3500	330	335	122	1268	1861	4094	0	0	0.00													
	14:16:00.449	2019-12-04 23:26:35.380	-0.4813	0.3048	1.0553	-1.4038	2.0752	0.8545	15.8533	24.3567	53.4265	28.3500	329	335	120	1268	1861	4094	0	0	0.00													
	14:16:00.449	2019-12-04 23:26:35.460	-0.4916	0.2937	1.0654	2.1362	-0.4883	0.1831	15.7709	24.3567	53.3606	28.3400	334	333	125	1268	1861	4093	0	0	0.00													
	14:16:00.450	2019-12-04 23:26:35.545	-0.4977	0.2966	1.0718	0.7935	0.1221	0.5493	15.7819	24.3292	53.3331	28.4000	333	334	126	1267	1861	4094	0	0	0.00													
	14:16:00.450	2019-12-04 23:26:35.625	-0.4957	0.2961	1.0692	0.0000	1.4038	1.3428	15.7874	24.3018	53.3276	28.3700	332	335	127	1267	1860	4094	0	0	0.00													
	14:16:00.451	2019-12-04 23:26:35.705	-0.5068	0.2887	1.0762	2.4414	-0.7324	0.9155	15.7214	24.2688	53.2123	28.3900	330	335	125	1267	1861	4093	0	0	0.00													
	14:16:00.451	2019-12-04 23:26:35.785	-0.4951	0.2930	1.0718	-0.8545	-1.7090	-2.7466	15.7489	24.2523	53.2343	28.3800	331	335	128	1267	1861	4094	0	0	0.00													
	14:16:00.452	2019-12-04 23:26:35.865	-0.4806	0.3059	1.0636	-2.3193	-0.7935	-3.2959	15.8368	24.2029	53.2837	28.3800	331	338	121	1267	1861	4094	0	0	0.00													
	14:16:00.452	2019-12-04 23:26:35.945	-0.4773	0.2938	1.0654	0.1831	2.6245	2.0142	15.7928	24.1809	53.2123	28.3900	331	335	120	1267	1861	4094	0	0	0.00													
	14:16:00.453	2019-12-04 23:26:36.025	-0.4941	0.2921	1.0647	1.4648	2.3804	4.0894	15.7764	24.1479	53.1134	28.4000	333	335	121	1268	1862	4094	0	0	0.00													
	14:16:00.453	2019-12-04 23:26:36.105	-0.5016	0.2883	1.0726	4.0894	-0.1831	2.6245	15.7819	24.1260	53.1244	28.4100	332	335	122	1267	1861	4093	0	0	0.00													
	14:16:00.454	2019-12-04 23:26:36.185	-0.5082	0.2924	1.0787	1.6479	-2.5024	-1.9531	15.8093	24.1479	53.2123	28.4200	332	335	121	1268	1862	4094	0	0	0.00													
	14:16:00.454	2019-12-04 23:26:36.265	-0.4851	0.3019	1.0734	0.2441	-0.7935	-2.0142	15.8917	24.1095	53.2727	28.4000	328	337	123	1267	1861	4094	0	0	0.00													
	14:16:00.455	2019-12-04 23:26:36.350	-0.4778	0.3027	1.0680	-2.2583	0.5493	-1.0376	15.8752	24.1095	53.2397	28.4100	330	334	122	1267	1861	4093	0	0	0.00													
	14:16:00.455	2019-12-04 23:26:36.430	-0.4883	0.2933	1.0699	0.5493	2.7466	3.1738	15.8093	24.0985	53.1024	28.4300	332	335	122	1267	1860	4093	0	0	0.00													
	14:16:00.456	2019-12-04 23:26:36.510	-0.5002	0.2903	1.0647	1.8311	0.6104	2.5024	15.8258	24.0875	53.0640	28.4100	332	334	122	1267	1861	4093	0	0	0.00													
	14:16:00.456	2019-12-04 23:26:36.590	-0.4966	0.2983	1.0765	3.0518	-5.3101	-4.9438	15.7379	24.0930	53.0310	28.3800	329	336	121	1267	1861	4093	0	0	0.00													
	14:16:00.457	2019-12-04 23:26:36.670	-0.4916	0.2917	1.0807	-2.0142	2.0142	0.2441	15.6995	24.1095	52.9706	28.4300	329	337	123	1267	1861	4094	0	0	0.00													
	14:16:00.457	2019-12-04 23:26:36.750	-0.5033	0.2880	1.0817	-4.5776	1.6479	-1.6479	15.6775	24.0930	52.9211	28.4500	330	337	120	1267	1861	4093	0	0	0.00													
	14:16:00.458	2019-12-04 23:26:36.830	-0.4786	0.3015	1.0621	-1.0376	0.7324	-0.4883	15.8038	24.0985	53.0475	28.4400	331	337	123	1267	1861	4094	0	0	0.00													
	14:16:00.458	2019-12-04 23:26:36.910	-0.4799	0.3010	1.0535	-0.5493	-4.0283	-4.3945	15.8313	24.1150	53.0859	28.4300	333	336	124	1267	1861	4094	0	0	0.00													
	14:16:00.459	2019-12-04 23:26:36.990	-0.4714	0.2905	1.0813	0.2441	2.0752	0.1221	15.5237	24.2084	53.0090	28.4500	331	338	122	1267	1861	4093	0	0	0.00													
	14:16:00.459	2019-12-04 23:26:37.070	-0.5020	0.2886	1.0570	-6.4087	6.2256	-2.0752	15.3644	24.2523	52.6520	28.4000	329	338	122	1267	1861	4094	0	0	0.00													
	14:16:00.460	2019-12-04 23:26:37.155	-0.5004	0.2688	1.0901	0.9766	1.9531	-0.4272	14.8206	24.6863	52.7014	28.4500	330	339	125	1266	1860	4094	0	0	0.00													
	14:16:00.460	2019-12-04 23:26:37.235	-0.5105	0.2826	1.0658	-4.0283	0.2441	-1.7090	14.8151	24.7632	52.6300	28.4500	332	340	124	1267	1860	4094	0	0	0.00													
	14:16:00.461	2019-12-04 23:26:37.315	-0.5024	0.2739	1.0823	0.2441	0.5493	-0.3052	14.6338	24.9170	52.7124	28.4600	331	339	126	1266	1860	4094	0	0	0.00													
	14:16:00.461	2019-12-04 23:26:37.395	-0.5079	0.2788	1.0519	-0.6714	-1.0376	-2.0142	14.8041	24.8236	52.6025	28.4300	330	337	128	1267	1860	4094	0	0	0.00													
	14:16:00.462	2019-12-04 23:26:37.475	-0.5026	0.2706	1.0720	0.3662	0.4272	2.6855	14.6722	24.9170	52.6245	28.4700	331	339	125	1267	1860	4094	0	0	0.00													
	14:16:00.462	2019-12-04 23:26:37.555	-0.5024	0.2799	1.0701	-0.4272	0.9766	-0.3052	14.7052	24.9554	52.7563	28.5000	333	337	126	1267	1861	4094	0	0	0.00													
	14:16:00.463	2019-12-04 23:26:37.635	-0.5098	0.2733	1.0709	0.7324	-0.8545	-0.1831	14.6667	24.9280	52.6520	28.4500	331	339	129	1267	1861	4094	0	0	0.00													
	14:16:00.463	2019-12-04 23:26:37.715	-0.5173	0.2784	1.0771	0.4272	-0.3662	-1.0376	14.7107	24.9225	52.7014	28.4800	332	341	129	1267	1860	4094	0	0	0.00													
